Rk,Player,WS,MP,ORtg,DRtg,BPM,PER,VORP,WS,Season,Age,Team,G,GS,MP,FG,FGA,2P,2PA,3P,3PA,FT,FTA,ORB,DRB,TRB,AST,STL,BLK,TOV,PF,PTS,FG%,2P%,3P%,FT%,TS%,eFG%,Pos,-9999
1,Jimmy Butler,3.8,37.0,127,104,11.8,29.9,2.2,3.8,2021-22,32,MIA,17,17,37.0,9.8,19.3,8.4,15.3,1.4,4.0,6.5,7.8,2.4,4.9,7.4,4.6,2.1,0.6,1.5,1.5,27.4,.506,.550,.338,.841,.604,.541,F-G,butleji01
2,Stephen Curry,3.2,34.7,119,110,7.7,24.4,1.9,3.2,2021-22,33,GSW,22,18,34.7,9.2,20.0,5.0,9.6,4.1,10.4,4.9,5.9,0.5,4.7,5.2,5.9,1.3,0.4,2.6,2.7,27.4,.459,.526,.397,.829,.606,.563,G,curryst01
3,Al Horford,3.2,35.4,129,104,6.0,16.6,1.7,3.2,2021-22,35,BOS,23,23,35.4,4.4,8.4,2.3,4.1,2.0,4.3,1.2,1.6,1.5,7.8,9.3,3.3,0.8,1.3,1.3,2.8,12.0,.523,.568,.480,.778,.663,.645,C-F,horfoal01
4,Jayson Tatum,2.2,41.0,107,107,4.5,17.6,1.6,2.2,2021-22,23,BOS,24,24,41.0,8.4,19.7,5.2,11.5,3.2,8.2,5.7,7.1,1.0,5.7,6.7,6.2,1.2,0.9,4.2,3.0,25.6,.426,.449,.393,.800,.562,.507,F,tatumja01
5,Jaylen Brown,2.2,38.3,109,108,2.6,17.2,1.1,2.2,2021-22,25,BOS,24,24,38.3,8.2,17.5,5.7,10.8,2.5,6.7,4.2,5.5,1.4,5.5,6.9,3.5,1.1,0.4,3.1,3.0,23.1,.470,.531,.373,.763,.581,.542,F-G,brownja02
6,Bam Adebayo,2.2,34.1,120,106,2.9,17.9,0.8,2.2,2021-22,24,MIA,18,18,34.1,5.8,9.7,5.8,9.7,0.0,0.1,3.2,4.2,2.1,5.9,8.0,2.7,1.0,0.7,2.1,3.1,14.8,.594,.598,.000,.763,.638,.594,C-F,adebaba01
7,Robert Williams,2.1,23.2,147,102,5.9,21.7,0.8,2.1,2021-22,24,BOS,17,15,23.2,3.1,4.6,3.1,4.5,0.0,0.1,1.5,1.6,2.5,3.6,6.2,1.0,0.7,2.2,0.6,2.0,7.7,.679,.688,.000,.893,.725,.679,C-F,williro04
8,Kevon Looney,1.9,20.4,139,109,3.1,18.3,0.6,1.9,2021-22,25,GSW,22,13,20.4,2.6,4.0,2.6,4.0,0.0,0.0,0.5,0.8,2.9,4.8,7.6,2.2,0.4,0.5,0.9,2.3,5.8,.659,.659,,.611,.662,.659,F-C,looneke01
9,Jordan Poole,1.9,27.5,119,113,2.8,18.8,0.7,1.9,2021-22,22,GSW,22,5,27.5,5.9,11.5,3.6,5.7,2.3,5.8,3.0,3.2,0.5,2.4,2.8,3.8,0.8,0.4,2.4,2.8,17.0,.508,.627,.391,.915,.654,.606,G,poolejo01
10,Luka Dončić,1.9,36.8,111,108,9.3,28.6,1.6,1.9,2021-22,22,DAL,15,15,36.8,10.7,23.5,7.3,13.6,3.4,9.9,6.9,9.0,0.7,9.1,9.8,6.4,1.8,0.6,3.9,2.9,31.7,.455,.534,.345,.770,.577,.527,G-F,doncilu01
11,Chris Paul,1.8,34.5,130,117,4.9,22.8,0.8,1.8,2021-22,36,PHO,13,13,34.5,6.7,11.9,5.2,8.2,1.5,3.8,2.7,2.8,0.5,3.6,4.2,8.3,1.5,0.2,2.4,3.1,17.5,.561,.642,.388,.946,.666,.623,G,paulch01
12,Andrew Wiggins,1.7,34.9,112,110,0.8,16.0,0.5,1.7,2021-22,26,GSW,22,22,34.9,6.5,13.9,4.9,9.1,1.6,4.8,1.9,3.0,2.5,5.0,7.5,1.8,1.0,1.0,1.4,2.5,16.5,.469,.540,.333,.646,.544,.526,F-G,wiggian01
13,Giannis Antetokounmpo,1.7,37.3,108,99,10.4,26.8,1.4,1.7,2021-22,27,MIL,12,12,37.3,11.7,23.8,10.9,20.3,0.8,3.4,7.6,11.2,2.2,12.0,14.2,6.8,0.7,1.3,4.5,3.6,31.7,.491,.537,.220,.679,.552,.507,F-G,antetgi01
14,Jalen Brunson,1.6,34.9,115,116,1.5,20.1,0.6,1.6,2021-22,25,DAL,18,18,34.9,8.1,17.3,6.6,13.1,1.4,4.2,4.0,5.0,0.8,3.8,4.6,3.7,0.8,0.1,1.1,2.1,21.6,.466,.504,.347,.800,.553,.508,G,brunsja01
15,P.J. Tucker,1.6,28.3,127,108,2.2,12.9,0.5,1.6,2021-22,36,MIA,18,18,28.3,3.0,6.1,1.7,3.2,1.3,2.8,0.6,0.9,1.9,3.7,5.7,1.8,0.8,0.3,0.7,2.8,7.9,.495,.534,.451,.688,.612,.601,F,tuckepj01
16,Dorian Finney-Smith,1.5,38.2,125,116,1.0,12.6,0.5,1.5,2021-22,28,DAL,18,18,38.2,4.1,8.7,1.6,2.7,2.6,6.0,0.9,1.3,1.8,3.7,5.5,1.9,0.9,0.4,1.0,2.9,11.7,.471,.571,.426,.708,.630,.618,F,finnedo01
17,Marcus Smart,1.5,36.2,107,109,0.3,13.1,0.4,1.5,2021-22,27,BOS,21,21,36.2,5.4,13.3,3.1,6.8,2.3,6.5,2.4,3.0,1.0,3.6,4.5,5.9,1.2,0.2,2.5,3.4,15.4,.405,.458,.350,.806,.529,.491,G,smartma01
18,Grant Williams,1.4,27.3,116,110,-0.8,9.5,0.2,1.4,2021-22,23,BOS,24,5,27.3,2.7,6.3,1.3,2.5,1.5,3.7,1.8,2.2,1.0,2.8,3.8,0.8,0.3,0.8,0.8,3.5,8.6,.433,.492,.393,.808,.599,.550,F,willigr01
19,Brandon Clarke,1.4,24.7,133,108,4.8,22.4,0.5,1.4,2021-22,25,MEM,12,0,24.7,4.7,7.6,4.7,7.5,0.0,0.1,3.0,4.5,3.1,3.8,6.9,2.0,0.8,0.8,1.0,1.9,12.3,.615,.622,.000,.667,.645,.615,F,clarkbr01
20,Deandre Ayton,1.4,30.5,125,115,3.6,23.5,0.6,1.4,2021-22,23,PHO,13,13,30.5,8.1,12.6,7.9,12.3,0.2,0.3,1.6,2.5,2.5,6.4,8.9,1.7,0.4,0.8,1.5,2.6,17.9,.640,.644,.500,.636,.653,.646,C,aytonde01
21,Draymond Green,1.4,32.0,108,108,0.9,12.3,0.5,1.4,2021-22,31,GSW,22,22,32.0,3.1,6.5,2.8,4.8,0.4,1.8,1.4,2.1,1.2,6.0,7.2,6.3,1.1,1.0,2.7,4.0,8.0,.479,.581,.205,.638,.534,.507,F,greendr01
22,Ja Morant,1.3,37.6,115,106,8.4,24.3,0.9,1.3,2021-22,22,MEM,9,9,37.6,9.0,20.4,7.1,14.9,1.9,5.6,7.2,9.7,1.4,6.6,8.0,9.8,2.0,0.4,3.6,2.4,27.1,.440,.478,.340,.747,.549,.486,G,moranja01
23,Desmond Bane,1.3,35.7,123,111,3.5,16.0,0.6,1.3,2021-22,23,MEM,12,12,35.7,6.3,13.3,2.8,5.9,3.6,7.3,2.5,2.9,0.4,3.3,3.8,2.2,0.9,0.8,1.3,1.9,18.8,.478,.465,.489,.857,.645,.613,G,banede01
24,Tyrese Maxey,1.3,40.4,120,116,2.1,16.9,0.5,1.3,2021-22,21,PHI,12,12,40.4,7.3,15.2,5.2,9.4,2.2,5.8,3.9,4.2,0.5,3.0,3.5,3.9,0.8,0.2,1.8,2.0,20.8,.484,.549,.377,.940,.610,.555,G,maxeyty01
25,Klay Thompson,1.3,36.0,108,112,0.7,14.1,0.6,1.3,2021-22,31,GSW,22,22,36.0,7.2,16.7,3.7,7.6,3.5,9.1,1.2,1.4,0.3,3.6,3.9,2.3,1.1,0.7,1.3,2.1,19.0,.429,.482,.385,.867,.550,.534,G-F,thompkl01
26,Maxi Kleber,1.2,25.4,130,115,2.2,14.0,0.5,1.2,2021-22,30,DAL,18,0,25.4,3.0,5.9,1.1,1.6,1.9,4.3,0.8,1.2,0.8,3.7,4.6,1.1,0.2,0.8,0.6,2.7,8.7,.509,.714,.436,.714,.681,.670,F,klebima01
27,Reggie Bullock,1.2,39.3,120,115,0.4,10.1,0.4,1.2,2021-22,30,DAL,18,18,39.3,3.4,8.4,0.5,1.1,2.9,7.3,0.9,1.0,0.4,4.1,4.6,1.7,1.2,0.1,0.4,2.7,10.6,.404,.450,.397,.889,.598,.576,G-F,bullore01
28,Tobias Harris,1.2,38.8,115,110,3.0,16.2,0.6,1.2,2021-22,29,PHI,12,12,38.8,6.8,13.5,4.9,8.8,1.8,4.8,1.6,1.8,0.8,6.8,7.6,2.9,1.1,0.8,1.5,2.9,16.9,.500,.562,.386,.864,.591,.568,F,harrito02
29,James Harden,1.1,39.9,113,114,1.9,16.8,0.5,1.1,2021-22,32,PHI,12,12,39.9,5.3,13.2,3.0,6.8,2.3,6.3,5.6,6.3,0.9,4.8,5.7,8.6,0.8,0.7,4.2,2.4,18.6,.405,.439,.368,.893,.584,.494,G,hardeja01
30,Brook Lopez,1.1,27.7,115,102,1.0,15.0,0.2,1.1,2021-22,33,MIL,12,12,27.7,4.2,8.5,3.7,6.2,0.5,2.3,1.8,1.9,2.3,3.7,5.9,0.7,0.5,1.5,0.9,2.8,10.6,.490,.595,.214,.913,.566,.520,C,lopezbr01
31,Spencer Dinwiddie,1.1,27.8,114,116,1.4,16.6,0.4,1.1,2021-22,28,DAL,18,3,27.8,4.4,10.7,2.2,5.3,2.2,5.3,3.1,3.7,0.4,2.0,2.4,3.6,0.8,0.3,1.6,2.3,14.2,.417,.417,.417,.821,.576,.521,G,dinwisp01
32,Otto Porter Jr.,1.0,19.5,125,109,2.7,13.0,0.4,1.0,2021-22,28,GSW,19,3,19.5,2.0,4.1,1.0,1.6,1.0,2.5,0.4,0.5,0.6,2.8,3.4,1.8,0.9,0.3,0.6,1.8,5.4,.494,.633,.404,.778,.630,.617,F,porteot01
33,Gary Payton II,1.0,16.9,146,106,7.4,20.6,0.5,1.0,2021-22,29,GSW,12,2,16.9,2.4,3.7,1.8,2.4,0.7,1.3,1.0,1.5,1.1,2.0,3.1,1.3,1.2,0.6,0.5,1.9,6.5,.659,.724,.533,.667,.751,.750,G,paytoga02
34,Pat Connaughton,1.0,26.5,120,105,2.2,12.2,0.3,1.0,2021-22,29,MIL,12,0,26.5,3.5,7.3,1.4,2.0,2.1,5.3,0.4,0.4,0.3,4.0,4.3,0.9,0.4,0.3,0.6,1.2,9.5,.477,.708,.391,1.000,.632,.619,G,connapa01
35,Mikal Bridges,0.9,38.5,121,117,1.4,13.8,0.4,0.9,2021-22,25,PHO,13,13,38.5,5.1,10.6,4.1,8.1,1.0,2.5,2.2,2.3,0.9,3.8,4.7,2.8,1.1,1.0,0.8,2.4,13.3,.478,.505,.394,.933,.572,.525,F-G,bridgmi01
36,Joel Embiid,0.9,38.5,111,111,0.1,19.1,0.2,0.9,2021-22,27,PHI,10,10,38.5,7.8,16.1,7.1,12.8,0.7,3.3,7.3,8.9,2.1,8.6,10.7,2.1,0.4,0.8,3.2,3.4,23.6,.484,.555,.212,.820,.590,.506,C,embiijo01
37,Max Strus,0.8,29.1,105,108,0.5,10.4,0.3,0.8,2021-22,25,MIA,18,18,29.1,3.8,10.1,1.2,2.2,2.6,7.9,0.7,1.0,0.8,3.2,4.1,2.1,0.8,0.4,1.1,3.1,10.9,.374,.525,.331,.722,.516,.503,G,strusma01
38,Derrick White,0.8,25.4,101,108,-0.1,10.1,0.3,0.8,2021-22,27,BOS,23,3,25.4,2.8,7.7,1.7,4.0,1.1,3.6,1.8,2.2,0.3,2.7,3.0,2.7,0.9,0.6,1.3,2.0,8.5,.364,.409,.313,.824,.494,.438,G,whitede01
39,Payton Pritchard,0.8,12.9,116,110,1.5,12.8,0.3,0.8,2021-22,24,BOS,24,0,12.9,1.8,4.3,0.8,1.3,1.0,3.0,0.2,0.3,0.4,1.5,1.9,1.6,0.3,0.1,0.4,1.0,4.8,.422,.633,.333,.667,.545,.539,G,pritcpa01
40,Jaren Jackson Jr.,0.8,27.7,106,104,0.7,15.9,0.2,0.8,2021-22,22,MEM,12,12,27.7,4.9,13.0,2.7,7.0,2.3,6.0,3.3,4.4,2.2,4.6,6.8,0.9,0.8,2.5,1.4,4.4,15.4,.378,.381,.375,.755,.516,.465,F,jacksja02
41,Wesley Matthews,0.8,28.8,112,106,-0.3,7.3,0.1,0.8,2021-22,35,MIL,12,12,28.8,2.1,5.3,0.6,1.6,1.5,3.8,0.5,0.8,0.8,2.3,3.1,1.2,0.8,0.3,0.5,2.3,6.2,.391,.368,.400,.667,.544,.531,G,matthwe02
42,Rudy Gobert,0.7,32.8,134,112,2.3,19.4,0.2,0.7,2021-22,29,UTA,6,6,32.8,3.5,5.5,3.5,5.5,0.0,0.0,5.0,7.3,3.5,9.7,13.2,0.5,0.2,1.0,1.3,3.2,12.0,.636,.636,,.682,.688,.636,C,goberru01
43,Grayson Allen,0.7,25.4,111,105,0.2,10.3,0.2,0.7,2021-22,26,MIL,12,5,25.4,3.1,6.8,1.5,2.8,1.6,4.0,0.6,0.9,0.4,2.5,2.9,1.3,0.7,0.3,0.8,1.8,8.3,.451,.529,.396,.636,.576,.567,G,allengr01
44,Tyus Jones,0.7,21.8,114,108,3.0,16.2,0.3,0.7,2021-22,25,MEM,12,3,21.8,3.3,8.3,1.8,4.5,1.5,3.8,1.2,1.3,0.3,2.9,3.3,4.5,1.2,0.2,1.1,0.7,9.2,.394,.389,.400,.933,.521,.485,G,jonesty01
45,Nikola Jokić,0.7,34.2,119,115,10.7,33.1,0.6,0.7,2021-22,26,DEN,5,5,34.2,12.2,21.2,11.2,17.6,1.0,3.6,5.6,6.6,3.4,9.8,13.2,5.8,1.6,1.0,4.8,4.0,31.0,.575,.636,.278,.848,.643,.599,C-F,jokicni01
46,Kyle Anderson,0.7,18.4,119,105,2.8,15.0,0.3,0.7,2021-22,28,MEM,12,1,18.4,2.4,4.3,2.2,3.3,0.3,1.0,0.9,1.5,0.8,3.5,4.3,1.8,0.9,0.6,0.8,1.8,6.0,.569,.667,.250,.611,.611,.598,F-G,anderky01
47,JaVale McGee,0.6,11.1,132,112,3.5,26.3,0.2,0.6,2021-22,34,PHO,12,0,11.1,2.9,4.2,2.9,4.1,0.0,0.1,0.9,1.1,1.3,2.7,4.0,0.6,0.3,0.4,0.8,2.3,6.8,.700,.714,.000,.846,.727,.700,C,mcgeeja01
48,Cameron Johnson,0.6,24.6,121,119,0.4,13.8,0.2,0.6,2021-22,25,PHO,13,3,24.6,3.5,7.6,1.8,3.1,1.7,4.5,2.0,2.5,0.7,2.8,3.5,1.5,0.4,0.1,0.9,2.4,10.8,.465,.600,.373,.813,.619,.576,F,johnsca02
49,Bobby Portis,0.6,24.8,101,101,-0.5,13.7,0.1,0.6,2021-22,26,MIL,12,5,24.8,4.0,9.6,2.8,5.7,1.2,3.9,1.4,1.8,2.1,7.9,10.0,0.8,0.4,0.3,1.3,2.2,10.6,.417,.500,.298,.773,.509,.478,F,portibo01
50,Brandon Ingram,0.6,39.3,117,121,3.9,21.3,0.4,0.6,2021-22,24,NOP,6,6,39.3,9.3,19.7,7.5,15.2,1.8,4.5,6.5,7.8,0.7,5.5,6.2,6.2,0.7,0.3,3.8,1.8,27.0,.475,.495,.407,.830,.584,.521,F,ingrabr01
51,Gabe Vincent,0.6,23.5,103,109,-0.3,10.0,0.2,0.6,2021-22,25,MIA,18,8,23.5,2.8,7.3,1.4,2.8,1.4,4.5,1.1,1.1,0.2,1.8,1.9,3.2,0.8,0.3,1.4,2.3,8.0,.382,.500,.309,.950,.515,.477,G,vincega01
52,Chris Boucher,0.6,21.7,146,119,5.2,24.5,0.2,0.6,2021-22,29,TOR,6,0,21.7,4.3,7.0,3.3,4.5,1.0,2.5,1.5,1.7,2.0,3.8,5.8,0.2,0.2,1.2,0.3,2.2,11.2,.619,.741,.400,.900,.722,.690,F,bouchch01
53,Jonas Valančiūnas,0.6,29.2,122,117,3.7,23.9,0.3,0.6,2021-22,29,NOP,6,6,29.2,5.5,11.3,5.3,10.3,0.2,1.0,3.3,4.3,5.5,8.8,14.3,3.0,0.7,0.2,2.0,2.8,14.5,.485,.516,.167,.769,.548,.493,C,valanjo01
54,Jrue Holiday,0.6,38.6,97,102,1.6,13.8,0.4,0.6,2021-22,31,MIL,12,12,38.6,7.4,19.6,5.3,13.0,2.1,6.6,2.2,2.6,1.0,4.6,5.6,6.5,1.8,0.6,2.8,2.3,19.1,.379,.410,.316,.839,.461,.432,G,holidjr01
55,Daniel Theis,0.6,12.5,115,105,0.4,14.2,0.1,0.6,2021-22,29,BOS,16,5,12.5,1.9,3.2,1.7,2.3,0.2,0.9,0.4,0.5,0.8,2.4,3.3,0.7,0.3,0.5,0.7,1.6,4.3,.588,.730,.214,.750,.633,.618,C,theisda01
56,Devin Booker,0.6,36.6,111,120,2.0,18.0,0.4,0.6,2021-22,25,PHO,10,10,36.6,7.9,17.5,5.1,11.0,2.8,6.5,4.7,5.3,1.0,3.8,4.8,4.4,0.5,0.4,3.2,2.5,23.3,.451,.464,.431,.887,.587,.531,G,bookede01
57,Pascal Siakam,0.5,43.3,116,120,3.0,19.7,0.3,0.5,2021-22,27,TOR,6,6,43.3,8.5,17.8,7.8,15.0,0.7,2.8,5.2,6.0,1.3,5.8,7.2,5.8,1.2,1.0,2.2,4.0,22.8,.477,.522,.235,.861,.558,.495,F,siakapa01
58,Shake Milton,0.5,13.2,127,112,3.7,15.4,0.2,0.5,2021-22,25,PHI,12,0,13.2,1.5,3.2,0.8,1.9,0.7,1.3,1.3,1.7,0.3,1.3,1.6,0.9,0.5,0.3,0.4,1.1,5.0,.474,.435,.533,.800,.641,.579,G,miltosh01
59,Anthony Edwards,0.5,37.8,112,114,3.5,17.8,0.3,0.5,2021-22,20,MIN,6,6,37.8,8.3,18.3,4.5,8.8,3.8,9.5,4.7,5.7,0.7,3.5,4.2,3.0,1.2,1.2,2.5,3.7,25.2,.455,.509,.404,.824,.604,.559,G,edwaran01
60,Jordan Clarkson,0.5,28.3,120,117,4.3,19.8,0.3,0.5,2021-22,29,UTA,6,0,28.3,6.7,12.2,5.2,8.2,1.5,4.0,2.7,3.0,0.8,2.3,3.2,1.3,0.5,0.2,1.7,2.8,17.5,.548,.633,.375,.889,.649,.610,G,clarkjo01
61,Duncan Robinson,0.5,12.2,120,109,2.8,13.2,0.2,0.5,2021-22,27,MIA,13,0,12.2,1.9,4.4,0.5,0.8,1.4,3.6,0.4,0.5,0.2,1.6,1.8,0.4,0.3,0.1,0.2,1.7,5.6,.439,.700,.383,.833,.612,.596,G-F,robindu01
62,Paul Reed,0.5,11.7,117,105,2.0,17.7,0.1,0.5,2021-22,22,PHI,12,0,11.7,1.6,3.0,1.4,2.8,0.2,0.3,0.3,0.6,1.8,2.0,3.8,0.8,0.8,0.5,0.8,2.4,3.7,.528,.515,.667,.571,.563,.556,F,reedpa01
63,Karl-Anthony Towns,0.5,37.0,108,109,0.4,17.3,0.1,0.5,2021-22,26,MIN,6,6,37.0,6.5,13.3,4.8,9.7,1.7,3.7,7.2,8.3,1.8,9.0,10.8,2.2,0.7,2.0,4.5,4.2,21.8,.488,.500,.455,.860,.642,.550,C-F,townska01
64,Dāvis Bertāns,0.4,10.7,120,113,0.9,13.0,0.1,0.4,2021-22,29,DAL,18,0,10.7,1.2,3.1,0.2,0.2,1.1,2.8,0.6,0.7,0.2,1.2,1.4,0.3,0.4,0.1,0.2,1.4,4.1,.400,.750,.373,.833,.606,.573,F,bertada01
65,Dwight Powell,0.4,13.8,122,116,-4.4,9.3,-0.2,0.4,2021-22,30,DAL,18,18,13.8,1.2,1.9,1.2,1.8,0.0,0.1,0.8,1.3,0.9,1.7,2.6,0.2,0.2,0.3,0.5,2.2,3.2,.629,.667,.000,.609,.643,.629,F-C,poweldw01
66,Ziaire Williams,0.4,16.8,125,112,-0.6,11.8,0.1,0.4,2021-22,20,MEM,10,1,16.8,2.3,5.2,1.2,1.6,1.1,3.6,1.2,1.3,0.4,1.2,1.6,0.5,0.5,0.0,0.2,1.4,6.9,.442,.750,.306,.923,.598,.548,F,willizi02
67,Larry Nance Jr.,0.4,21.7,134,120,3.2,20.7,0.2,0.4,2021-22,29,NOP,6,0,21.7,3.7,6.5,3.3,5.0,0.3,1.5,1.5,1.8,3.2,2.7,5.8,1.8,0.5,0.3,1.0,2.5,9.2,.564,.667,.222,.818,.627,.590,F-C,nancela02
68,Jordan McLaughlin,0.4,16.6,163,111,7.7,21.0,0.2,0.4,2021-22,25,MIN,5,0,16.6,2.4,3.4,1.6,2.0,0.8,1.4,0.6,0.8,0.0,2.4,2.4,3.4,1.0,0.0,0.4,1.0,6.2,.706,.800,.571,.750,.826,.824,G,mclaujo01
69,Kyrie Irving,0.4,42.5,122,121,2.8,19.2,0.2,0.4,2021-22,29,BRK,4,4,42.5,7.0,15.8,5.0,10.5,2.0,5.3,5.3,5.3,1.5,3.8,5.3,5.3,1.8,1.3,2.3,3.3,21.3,.444,.476,.381,1.000,.588,.508,G,irvinky01
70,De'Andre Hunter,0.4,35.0,117,116,2.9,16.8,0.2,0.4,2021-22,24,ATL,5,5,35.0,7.8,14.0,5.4,8.8,2.4,5.2,3.2,4.0,0.4,3.4,3.8,0.6,0.8,0.2,2.2,4.0,21.2,.557,.614,.462,.800,.673,.643,F,huntede01
71,Victor Oladipo,0.4,24.5,97,105,-0.3,11.5,0.2,0.4,2021-22,29,MIA,15,1,24.5,3.3,9.1,2.2,4.9,1.1,4.1,2.8,3.5,0.3,3.1,3.4,2.1,1.3,0.3,1.7,1.9,10.6,.368,.446,.274,.792,.499,.430,G,oladivi01
72,Delon Wright,0.4,27.4,129,116,4.8,15.9,0.2,0.4,2021-22,29,ATL,5,0,27.4,3.0,5.8,2.0,3.2,1.0,2.6,1.2,1.8,2.2,2.6,4.8,2.8,0.8,0.2,1.0,0.4,8.2,.517,.625,.385,.667,.622,.603,G,wrighde01
73,Herbert Jones,0.4,37.7,122,118,0.4,11.6,0.1,0.4,2021-22,23,NOP,6,6,37.7,3.5,7.3,2.7,5.3,0.8,2.0,2.8,3.7,1.3,2.0,3.3,1.8,1.8,0.8,1.3,3.7,10.7,.477,.500,.417,.773,.596,.534,F,joneshe01
74,Jaden McDaniels,0.4,21.7,125,113,4.1,15.3,0.2,0.4,2021-22,21,MIN,6,0,21.7,3.0,5.7,1.3,2.3,1.7,3.3,1.7,2.0,0.8,2.0,2.8,0.7,0.3,1.8,1.0,3.0,9.3,.529,.571,.500,.833,.713,.676,F,mcdanja02
75,Nemanja Bjelica,0.3,10.0,116,110,-1.5,11.4,0.0,0.3,2021-22,33,GSW,15,0,10.0,1.2,2.3,1.0,1.7,0.2,0.5,0.3,0.5,0.4,1.7,2.1,1.1,0.3,0.1,0.5,1.4,2.9,.529,.577,.375,.571,.580,.574,F,bjeline01
76,Seth Curry,0.3,33.0,141,127,3.0,16.4,0.2,0.3,2021-22,31,BRK,4,4,33.0,5.5,9.8,2.5,4.0,3.0,5.8,0.5,0.8,0.5,2.0,2.5,3.0,0.3,0.8,0.8,3.8,14.5,.564,.625,.522,.667,.719,.718,G,curryse01
77,Danny Green,0.3,26.6,104,113,1.3,9.9,0.3,0.3,2021-22,34,PHI,12,12,26.6,3.0,7.4,0.4,1.1,2.6,6.3,0.0,0.1,0.8,2.3,3.1,0.8,1.0,0.3,1.1,1.9,8.6,.404,.385,.408,.000,.576,.579,G-F,greenda02
78,Monte Morris,0.3,31.2,125,123,2.0,16.1,0.2,0.3,2021-22,26,DEN,5,5,31.2,5.0,10.2,2.8,5.0,2.2,5.2,1.8,2.4,0.2,2.0,2.2,5.4,1.2,0.0,1.6,2.8,14.0,.490,.560,.423,.750,.622,.598,G,morrimo01
79,Patrick Beverley,0.3,32.3,110,113,1.0,11.5,0.1,0.3,2021-22,33,MIN,6,6,32.3,3.5,8.2,2.0,3.8,1.5,4.3,2.5,3.7,0.7,2.5,3.2,4.8,1.2,1.2,2.0,4.7,11.0,.429,.522,.346,.682,.562,.520,G,beverpa01
80,Steven Adams,0.3,16.3,120,109,-1.1,12.8,0.0,0.3,2021-22,28,MEM,7,5,16.3,1.3,3.0,1.3,3.0,0.0,0.0,0.9,1.6,2.1,4.3,6.4,2.1,0.1,0.1,0.6,1.7,3.4,.429,.429,,.545,.464,.429,C,adamsst01
81,Alex Caruso,0.3,28.3,123,108,3.3,12.4,0.2,0.3,2021-22,27,CHI,4,4,28.3,2.3,5.8,0.5,1.3,1.8,4.5,0.0,0.0,0.5,2.3,2.8,4.3,1.3,1.0,0.3,2.8,6.3,.391,.400,.389,,.543,.543,G,carusal01
82,Xavier Tillman Sr.,0.3,15.4,115,109,-0.3,12.1,0.1,0.3,2021-22,23,MEM,9,6,15.4,2.0,2.8,1.9,2.6,0.1,0.2,0.3,0.7,1.4,1.9,3.3,0.7,0.7,0.1,1.1,1.8,4.4,.720,.739,.500,.500,.724,.740,F,tillmxa01
83,Nic Claxton,0.3,24.5,125,113,6.6,24.1,0.2,0.3,2021-22,22,BRK,4,0,24.5,4.8,6.0,4.8,6.0,0.0,0.0,1.0,5.5,1.8,4.5,6.3,1.5,1.3,2.3,0.5,1.5,10.5,.792,.792,,.182,.624,.792,C,claxtni01
84,Jevon Carter,0.3,11.5,105,102,-1.2,8.6,0.0,0.3,2021-22,26,MIL,11,0,11.5,0.8,1.7,0.5,1.1,0.3,0.6,0.2,0.2,0.3,1.2,1.5,0.9,0.7,0.0,0.5,1.1,2.1,.474,.500,.429,1.000,.578,.553,G,carteje01
85,Onyeka Okongwu,0.3,21.6,126,111,-1.5,12.7,0.0,0.3,2021-22,21,ATL,5,1,21.6,1.8,3.2,1.8,3.2,0.0,0.0,1.6,2.0,2.2,3.2,5.4,0.4,0.8,0.8,0.8,3.8,5.2,.563,.563,,.800,.637,.563,F,okongon01
86,Nikola Vučević,0.3,36.2,103,108,4.0,17.6,0.3,0.3,2021-22,31,CHI,5,5,36.2,8.0,18.2,5.4,9.8,2.6,8.4,0.8,1.0,2.8,9.6,12.4,3.2,0.4,1.2,1.6,2.8,19.4,.440,.551,.310,.800,.520,.511,C,vucevni01
87,Jarred Vanderbilt,0.3,21.5,110,107,-0.5,12.0,0.0,0.3,2021-22,22,MIN,6,6,21.5,2.2,4.5,2.2,4.5,0.0,0.0,1.2,1.7,2.0,5.2,7.2,0.7,1.2,0.3,0.8,2.7,5.5,.481,.481,,.700,.525,.481,F,vandeja01
88,Donovan Mitchell,0.3,38.2,106,117,2.8,19.0,0.3,0.3,2021-22,25,UTA,6,6,38.2,8.8,22.2,7.2,14.2,1.7,8.0,6.2,7.0,1.0,3.3,4.3,5.7,0.7,0.5,2.7,2.3,25.5,.398,.506,.208,.881,.505,.436,G,mitchdo01
89,DeMarcus Cousins,0.3,11.4,125,116,11.8,32.9,0.2,0.3,2021-22,31,DEN,5,0,11.4,3.8,5.8,3.0,4.6,0.8,1.2,2.2,3.0,0.6,2.8,3.4,1.2,0.6,0.2,1.4,1.8,10.6,.655,.652,.667,.733,.744,.724,C-F,couside01
90,Bojan Bogdanović,0.3,35.7,110,118,-0.5,13.1,0.1,0.3,2021-22,32,UTA,6,6,35.7,6.5,13.5,4.7,8.0,1.8,5.5,3.2,4.0,0.5,3.7,4.2,1.7,0.3,0.0,2.0,4.0,18.0,.481,.583,.333,.792,.590,.549,G-F,bogdabo02
91,Tyler Herro,0.2,25.4,97,108,-1.0,12.6,0.1,0.2,2021-22,22,MIA,15,0,25.4,4.9,12.1,3.9,7.4,1.1,4.7,1.7,1.8,0.5,3.4,3.9,2.8,0.6,0.4,1.8,1.4,12.6,.409,.523,.229,.926,.490,.453,G,herroty01
92,Jae Crowder,0.2,29.5,103,116,-0.9,9.8,0.1,0.2,2021-22,31,PHO,13,13,29.5,3.2,8.1,1.8,3.2,1.5,4.8,1.5,2.0,0.6,4.1,4.7,2.4,1.0,0.5,1.5,3.6,9.4,.400,.548,.302,.731,.524,.490,F,crowdja01
93,OG Anunoby,0.2,36.2,114,123,0.8,15.2,0.1,0.2,2021-22,24,TOR,6,6,36.2,6.5,13.7,4.2,6.8,2.3,6.8,2.0,2.7,1.2,2.8,4.0,2.5,1.0,0.2,1.7,3.0,17.3,.476,.610,.341,.750,.584,.561,F,anunoog01
94,CJ McCollum,0.2,39.0,108,120,0.6,15.5,0.2,0.2,2021-22,30,NOP,6,6,39.0,8.2,20.8,5.3,12.3,2.8,8.5,3.0,4.3,1.8,4.8,6.7,4.8,0.7,0.8,2.5,2.5,22.2,.392,.432,.333,.692,.487,.460,G,mccolcj01
95,Scottie Barnes,0.2,33.3,115,118,1.7,16.8,0.1,0.2,2021-22,20,TOR,4,3,33.3,4.5,10.5,4.0,7.5,0.5,3.0,3.3,4.0,1.8,7.3,9.0,4.3,1.0,0.3,1.3,3.0,12.8,.429,.533,.167,.813,.520,.452,G-F,barnesc01
96,Bruce Brown,0.2,34.8,121,122,2.4,15.4,0.2,0.2,2021-22,25,BRK,4,4,34.8,5.3,9.3,3.8,5.8,1.5,3.5,2.0,2.5,1.5,3.3,4.8,2.8,1.3,0.8,2.3,4.0,14.0,.568,.652,.429,.800,.676,.649,G,brownbr01
97,Trey Murphy III,0.2,20.0,142,120,0.5,10.2,0.1,0.2,2021-22,21,NOP,6,0,20.0,1.5,3.7,0.0,0.5,1.5,3.2,0.7,0.8,0.5,2.0,2.5,0.5,0.5,0.2,0.2,1.5,5.2,.409,.000,.474,.800,.640,.614,F,murphtr02
98,Jose Alvarado,0.2,19.5,119,117,-0.1,13.3,0.1,0.2,2021-22,23,NOP,6,0,19.5,2.7,5.5,1.7,2.8,1.0,2.7,1.7,2.2,0.3,1.0,1.3,1.5,1.2,0.2,1.2,3.0,8.0,.485,.588,.375,.769,.620,.576,G,alvarjo01
99,Georges Niang,0.2,16.5,111,116,-2.2,7.1,0.0,0.2,2021-22,28,PHI,12,0,16.5,1.7,4.0,0.3,0.4,1.3,3.6,0.2,0.2,0.3,1.2,1.5,0.9,0.3,0.0,0.6,2.5,4.8,.417,.800,.372,1.000,.593,.583,F,niangge01
100,Aaron Gordon,0.2,32.0,115,122,-1.3,15.7,0.0,0.2,2021-22,26,DEN,5,5,32.0,4.6,10.8,4.0,7.8,0.6,3.0,4.0,5.6,3.6,3.6,7.2,2.6,0.4,1.2,1.6,2.8,13.8,.426,.513,.200,.714,.520,.454,F,gordoaa01
101,Bogdan Bogdanović,0.2,26.8,113,116,1.1,15.6,0.1,0.2,2021-22,29,ATL,4,0,26.8,5.0,12.3,2.8,5.8,2.3,6.5,2.0,2.5,1.0,3.8,4.8,3.0,0.3,0.3,1.0,3.0,14.3,.408,.478,.346,.800,.534,.500,G,bogdabo01
102,Matisse Thybulle,0.2,15.2,107,110,1.6,8.9,0.1,0.2,2021-22,24,PHI,9,0,15.2,1.2,2.7,0.8,1.1,0.4,1.6,0.1,0.3,0.2,0.8,1.0,0.4,0.8,0.8,0.2,1.7,3.0,.458,.700,.286,.333,.533,.542,G,thybuma01
103,Royce O'Neale,0.2,31.3,112,116,0.1,8.0,0.1,0.2,2021-22,28,UTA,6,6,31.3,2.3,5.8,1.2,1.7,1.2,4.2,0.3,0.3,1.0,4.7,5.7,1.5,0.5,0.2,0.5,2.7,6.2,.400,.700,.280,1.000,.516,.500,F,onealro01
104,Patrick Williams,0.2,30.6,102,109,-1.6,11.3,0.0,0.2,2021-22,20,CHI,5,5,30.6,4.4,9.4,3.0,5.2,1.4,4.2,1.6,2.2,1.2,4.2,5.4,0.8,1.0,0.6,1.4,3.0,11.8,.468,.577,.333,.727,.569,.543,F,willipa01
105,Hassan Whiteside,0.2,10.8,110,100,2.2,16.7,0.1,0.2,2021-22,32,UTA,6,0,10.8,0.8,2.0,0.8,2.0,0.0,0.0,0.2,0.7,1.3,3.8,5.2,0.0,0.3,1.3,0.0,1.5,1.8,.417,.417,,.250,.400,.417,C,whiteha01
106,Fred VanVleet,0.2,35.0,111,118,3.5,15.7,0.2,0.2,2021-22,27,TOR,4,4,35.0,4.8,13.5,1.8,4.5,3.0,9.0,1.3,1.5,0.5,2.5,3.0,6.3,1.8,1.0,1.0,3.0,13.8,.352,.389,.333,.833,.486,.463,G,vanvlfr01
107,Goran Dragić,0.2,19.8,120,121,1.1,19.3,0.1,0.2,2021-22,35,BRK,4,0,19.8,4.5,8.0,3.5,5.0,1.0,3.0,0.5,0.5,1.5,3.0,4.5,1.5,0.8,0.0,1.3,2.8,10.5,.563,.700,.333,1.000,.639,.625,G,dragigo01
108,Zach LaVine,0.1,38.3,102,112,1.8,13.8,0.1,0.1,2021-22,26,CHI,4,4,38.3,6.8,15.8,4.5,9.8,2.3,6.0,3.5,3.8,0.0,5.3,5.3,6.0,0.8,0.3,3.0,2.3,19.3,.429,.462,.375,.933,.553,.500,G-F,lavinza01
109,Thaddeus Young,0.1,14.5,115,117,1.7,14.3,0.1,0.1,2021-22,33,TOR,6,0,14.5,1.5,3.0,1.3,1.8,0.2,1.2,0.2,0.7,1.2,1.8,3.0,1.7,0.8,0.2,0.5,1.3,3.3,.500,.727,.143,.250,.506,.528,F,youngth01
110,Kyle Lowry,0.1,29.5,91,106,-2.7,7.8,0.0,0.1,2021-22,35,MIA,10,10,29.5,2.5,8.6,1.2,3.2,1.3,5.4,1.5,1.9,0.3,3.3,3.6,4.7,1.2,0.7,1.9,2.9,7.8,.291,.375,.241,.789,.413,.366,G,lowryky01
111,Bones Hyland,0.1,17.4,115,125,-1.1,13.6,0.0,0.1,2021-22,21,DEN,5,0,17.4,2.6,7.2,1.0,2.6,1.6,4.6,2.4,2.8,0.2,1.8,2.0,3.2,0.2,0.0,1.2,2.4,9.2,.361,.385,.348,.857,.546,.472,G,hylanbo01
112,George Hill,0.1,15.2,101,110,-8.0,0.5,-0.1,0.1,2021-22,35,MIL,5,0,15.2,0.2,1.0,0.0,0.6,0.2,0.4,0.4,0.4,0.2,1.0,1.2,0.6,0.0,0.0,0.2,2.0,1.0,.200,.000,.500,1.000,.425,.300,G,hillge01
113,DeAndre Jordan,0.1,10.3,133,110,1.0,15.7,0.0,0.1,2021-22,33,PHI,3,2,10.3,1.7,1.7,1.7,1.7,0.0,0.0,0.0,0.0,0.3,2.0,2.3,0.3,0.0,0.7,0.7,1.3,3.3,1.000,1.000,,,1.000,1.000,C,jordade01
114,John Collins,0.1,24.4,103,115,-0.9,10.7,0.0,0.1,2021-22,24,ATL,5,4,24.4,3.8,7.8,3.0,5.6,0.8,2.2,1.0,2.0,0.4,4.2,4.6,1.2,0.4,0.2,1.0,2.4,9.4,.487,.536,.364,.500,.541,.538,F,collijo01
115,DeMar DeRozan,0.1,40.6,96,109,-0.8,13.4,0.1,0.1,2021-22,32,CHI,5,5,40.6,7.8,19.0,7.8,17.2,0.0,1.8,5.2,6.0,0.2,5.2,5.4,4.8,1.8,0.4,2.2,2.4,20.8,.411,.453,.000,.867,.481,.411,G-F,derozde01
116,Jaxson Hayes,0.1,13.8,113,121,-4.9,11.9,-0.1,0.1,2021-22,21,NOP,6,6,13.8,2.3,4.2,2.3,3.7,0.0,0.5,1.2,1.8,0.7,1.8,2.5,0.2,0.0,0.3,0.7,1.8,5.8,.560,.636,.000,.636,.586,.560,F,hayesja02
117,Caleb Martin,0.1,12.3,91,106,-2.3,9.3,0.0,0.1,2021-22,26,MIA,17,0,12.3,1.9,4.7,1.3,2.8,0.6,1.9,0.1,0.4,0.7,1.5,2.2,0.3,0.6,0.1,0.6,1.0,4.5,.400,.468,.303,.333,.460,.463,F,martica02
118,Patty Mills,0.1,18.0,139,128,0.6,10.7,0.0,0.1,2021-22,33,BRK,4,0,18.0,2.3,4.0,0.5,0.8,1.8,3.3,0.0,0.0,0.0,1.0,1.0,0.0,0.0,0.3,0.3,1.3,6.3,.563,.667,.538,,.781,.781,G,millspa02
119,Devonte' Graham,0.1,10.0,112,120,-1.1,11.5,0.0,0.1,2021-22,26,NOP,6,0,10.0,1.0,3.0,0.2,0.7,0.8,2.3,1.2,1.3,0.3,1.2,1.5,0.7,0.2,0.2,0.7,0.5,4.0,.333,.250,.357,.875,.558,.472,G,grahade01
120,Gary Trent Jr.,0.1,33.2,107,122,-1.4,12.4,0.0,0.1,2021-22,23,TOR,6,6,33.2,5.2,13.7,3.0,7.2,2.2,6.5,2.8,3.2,0.2,1.5,1.7,1.3,1.0,0.5,0.5,1.8,15.3,.378,.419,.333,.895,.509,.457,G,trentga02
121,Naz Reid,0.1,10.8,97,106,-1.9,11.2,0.0,0.1,2021-22,22,MIN,5,0,10.8,1.4,3.4,0.8,2.0,0.6,1.4,1.4,1.4,0.4,2.4,2.8,0.0,0.2,1.2,1.0,2.8,4.8,.412,.400,.429,1.000,.598,.500,F,reidna01
122,Khris Middleton,0.1,36.0,94,104,0.9,10.5,0.1,0.1,2021-22,30,MIL,2,2,36.0,5.0,12.0,2.0,5.0,3.0,7.0,1.5,1.5,0.5,4.5,5.0,7.0,1.5,0.0,5.5,3.0,14.5,.417,.400,.429,1.000,.573,.542,F-G,middlkh01
123,Blake Griffin,0.1,12.5,122,121,3.9,15.5,0.0,0.1,2021-22,32,BRK,2,0,12.5,1.0,3.5,0.0,1.0,1.0,2.5,1.0,1.0,1.0,1.0,2.0,2.0,0.5,0.5,0.5,1.5,4.0,.286,.000,.400,1.000,.508,.429,F,griffbl01
124,Landry Shamet,0.0,16.0,103,119,-1.5,8.4,0.0,0.0,2021-22,24,PHO,12,0,16.0,1.6,4.0,0.8,1.8,0.8,2.2,0.4,0.6,0.3,1.4,1.7,1.3,0.5,0.0,0.6,0.8,4.3,.396,.455,.346,.714,.509,.490,G,shamela01
125,Bryn Forbes,0.0,15.2,123,127,-2.8,7.8,0.0,0.0,2021-22,28,DEN,5,0,15.2,1.2,3.0,0.4,0.8,0.8,2.2,0.8,1.0,0.2,0.4,0.6,1.4,0.2,0.0,0.4,1.4,4.0,.400,.500,.364,.800,.581,.533,G,forbebr01
126,Jeff Green,0.0,22.6,114,123,-3.3,7.6,0.0,0.0,2021-22,35,DEN,5,5,22.6,1.2,3.4,0.6,1.8,0.6,1.6,0.8,1.0,1.4,2.2,3.6,0.4,0.6,0.4,0.4,1.2,3.8,.353,.333,.375,.800,.495,.441,F,greenje02
127,Danilo Gallinari,0.0,22.4,101,116,-1.8,10.8,0.0,0.0,2021-22,33,ATL,5,3,22.4,3.6,9.0,2.8,6.0,0.8,3.0,2.2,2.2,0.4,3.8,4.2,0.8,0.2,0.0,1.0,1.2,10.2,.400,.467,.267,1.000,.512,.444,F,gallida01
128,Frank Ntilikina,0.0,10.4,91,112,-3.7,5.7,-0.1,0.0,2021-22,23,DAL,12,0,10.4,0.7,2.0,0.2,0.3,0.5,1.7,0.1,0.1,0.2,0.8,1.0,0.8,0.7,0.1,0.5,1.6,1.9,.333,.500,.300,1.000,.471,.458,G,ntilila01
129,JaMychal Green,0.0,13.8,113,125,-7.1,6.7,-0.1,0.0,2021-22,31,DEN,5,0,13.8,1.2,3.2,1.0,2.2,0.2,1.0,1.4,1.4,0.6,1.8,2.4,0.4,0.0,0.2,0.4,2.4,4.0,.375,.455,.200,1.000,.524,.406,F,greenja01
130,Clint Capela,0.0,20.0,88,110,-3.1,7.8,0.0,0.0,2021-22,27,ATL,2,2,20.0,1.0,3.0,1.0,3.0,0.0,0.0,0.0,0.0,2.0,5.5,7.5,0.0,0.5,0.5,0.5,1.0,2.0,.333,.333,,,.333,.333,C,capelca01
131,Austin Rivers,0.0,21.6,103,120,-2.4,6.1,0.0,0.0,2021-22,29,DEN,5,0,21.6,1.6,3.6,0.8,1.2,0.8,2.4,0.2,0.2,0.0,0.6,0.6,1.2,1.4,0.2,0.8,3.0,4.2,.444,.667,.333,1.000,.569,.556,G,riverau01
132,Khem Birch,0.0,10.5,107,123,-5.2,8.1,0.0,0.0,2021-22,29,TOR,6,4,10.5,1.3,2.7,1.0,2.0,0.3,0.7,0.0,0.0,0.7,0.8,1.5,0.5,0.2,0.2,0.5,2.2,3.0,.500,.500,.500,,.563,.563,C-F,birchkh01
133,Derrick Jones Jr.,0.0,11.8,94,113,-5.8,6.0,-0.1,0.0,2021-22,24,CHI,5,0,11.8,1.4,3.4,0.8,1.2,0.6,2.2,0.4,0.6,0.6,0.8,1.4,0.4,0.2,0.0,0.6,1.6,3.8,.412,.667,.273,.667,.519,.500,F,jonesde02
134,Taurean Prince,0.0,13.0,97,114,-1.0,10.4,0.0,0.0,2021-22,27,MIN,5,0,13.0,2.0,5.4,1.2,2.6,0.8,2.8,1.2,1.4,0.2,1.4,1.6,1.2,0.4,0.2,0.8,1.0,6.0,.370,.462,.286,.857,.499,.444,F,princta02
135,Malik Beasley,0.0,19.8,96,115,-2.6,9.0,0.0,0.0,2021-22,25,MIN,6,0,19.8,3.2,7.3,1.8,3.2,1.3,4.2,0.8,1.0,0.3,3.0,3.3,0.7,0.3,0.2,1.2,1.5,8.5,.432,.579,.320,.833,.547,.523,G,beaslma01
136,Andre Drummond,0.0,15.0,90,113,-3.2,10.0,0.0,0.0,2021-22,28,BRK,4,4,15.0,1.5,2.8,1.5,2.8,0.0,0.0,0.8,1.3,0.8,2.3,3.0,0.8,1.3,0.8,1.5,3.0,3.8,.545,.545,,.600,.568,.545,C,drumman01
137,De'Anthony Melton,0.0,17.0,85,106,-2.4,8.5,0.0,0.0,2021-22,23,MEM,10,0,17.0,2.1,6.5,1.0,2.1,1.1,4.4,0.3,0.4,0.9,2.2,3.1,1.6,1.0,0.5,1.4,0.9,5.6,.323,.476,.250,.750,.419,.408,G,meltode01
138,Precious Achiuwa,0.0,27.8,102,122,-3.3,10.9,-0.1,0.0,2021-22,22,TOR,6,1,27.8,4.2,8.7,3.3,6.0,0.8,2.7,1.0,1.7,1.3,3.5,4.8,1.0,0.2,0.8,1.5,2.3,10.2,.481,.556,.313,.600,.541,.529,F,achiupr01
139,Ayo Dosunmu,-0.1,17.2,88,114,-5.3,6.0,-0.1,-0.1,2021-22,22,CHI,5,1,17.2,1.6,5.2,1.0,2.6,0.6,2.6,0.2,0.2,0.8,1.8,2.6,2.2,0.2,0.0,0.6,1.0,4.0,.308,.385,.231,1.000,.378,.365,G,dosunay01
140,Kevin Huerter,-0.1,30.8,92,114,-0.8,7.7,0.0,-0.1,2021-22,23,ATL,5,5,30.8,3.4,9.4,1.6,3.2,1.8,6.2,0.6,0.8,0.2,2.8,3.0,3.8,1.2,0.6,2.2,3.0,9.2,.362,.500,.290,.750,.472,.457,G,huertke01
141,Danuel House Jr.,-0.1,18.7,92,118,-3.4,5.2,0.0,-0.1,2021-22,28,UTA,6,0,18.7,1.5,3.7,1.2,2.0,0.3,1.7,1.0,1.3,0.3,2.5,2.8,0.7,0.0,0.2,1.0,1.2,4.3,.409,.583,.200,.750,.509,.455,G,houseda01
142,Jaylen Nowell,-0.1,12.0,67,113,-9.6,1.6,0.0,-0.1,2021-22,22,MIN,1,0,12.0,3.0,10.0,3.0,5.0,0.0,5.0,0.0,0.0,0.0,0.0,0.0,1.0,1.0,0.0,0.0,1.0,6.0,.300,.600,.000,,.300,.300,G,nowelja01
143,D'Angelo Russell,-0.1,32.7,94,114,-2.9,8.5,0.0,-0.1,2021-22,25,MIN,6,6,32.7,4.0,12.0,2.0,6.8,2.0,5.2,2.0,2.7,0.0,2.5,2.5,6.7,1.5,0.0,2.8,2.8,12.0,.333,.293,.387,.750,.455,.417,G,russeda01
144,Will Barton,-0.1,34.4,100,123,-2.8,9.9,0.0,-0.1,2021-22,31,DEN,5,5,34.4,5.4,13.2,3.2,7.6,2.2,5.6,0.8,1.2,1.0,4.6,5.6,2.8,0.8,0.2,2.0,2.2,13.8,.409,.421,.393,.667,.503,.492,G,bartowi01
145,Kevin Durant,-0.1,44.0,102,124,-2.9,13.6,0.0,-0.1,2021-22,33,BRK,4,4,44.0,8.0,20.8,6.3,15.5,1.8,5.3,8.5,9.5,0.5,5.3,5.8,6.3,1.0,0.3,5.3,3.8,26.3,.386,.403,.333,.895,.526,.428,F-G,duranke01
146,Javonte Green,-0.1,14.4,58,101,-6.3,4.1,-0.1,-0.1,2021-22,28,CHI,5,1,14.4,0.6,3.4,0.6,2.2,0.0,1.2,0.2,0.4,1.6,1.4,3.0,0.4,1.8,0.0,0.8,1.6,1.4,.176,.273,.000,.500,.196,.176,F,greenja02
147,Troy Brown Jr.,-0.1,12.3,67,107,-7.0,3.6,0.0,-0.1,2021-22,22,CHI,3,0,12.3,1.7,5.7,1.0,2.0,0.7,3.7,0.0,0.0,0.3,2.3,2.7,1.0,0.7,0.0,1.0,0.7,4.0,.294,.500,.182,,.353,.353,G-F,browntr01
148,Mike Conley,-0.1,29.0,92,115,-3.9,8.2,-0.1,-0.1,2021-22,34,UTA,6,6,29.0,3.2,9.5,2.3,5.3,0.8,4.2,2.0,2.5,0.3,2.8,3.2,4.8,0.8,0.3,2.2,3.2,9.2,.333,.438,.200,.800,.432,.377,G,conlemi01
149,Coby White,-0.2,19.6,83,112,-4.5,6.5,-0.1,-0.2,2021-22,21,CHI,5,0,19.6,3.0,9.0,1.4,3.2,1.6,5.8,0.8,1.0,0.0,3.4,3.4,1.8,0.2,0.0,1.2,1.0,8.4,.333,.438,.276,.800,.445,.422,G,whiteco01
150,Dillon Brooks,-0.3,30.5,90,112,-4.6,6.9,-0.2,-0.3,2021-22,26,MEM,11,11,30.5,5.5,15.6,3.2,9.1,2.3,6.5,1.5,2.3,0.7,2.0,2.7,2.7,1.0,0.3,2.0,3.3,14.6,.349,.350,.347,.640,.440,.422,F-G,brookdi01
151,Cameron Payne,-0.5,13.2,80,117,-9.0,3.4,-0.3,-0.5,2021-22,27,PHO,13,0,13.2,1.7,5.7,1.3,3.4,0.4,2.3,0.4,0.5,0.2,1.4,1.5,2.1,0.5,0.1,1.0,1.9,4.2,.297,.386,.167,.833,.352,.331,G,payneca01
152,Trae Young,-0.5,37.2,83,117,-8.1,5.3,-0.3,-0.5,2021-22,23,ATL,5,5,37.2,4.4,13.8,3.0,6.2,1.4,7.6,5.2,6.6,1.0,4.0,5.0,6.0,0.6,0.0,6.2,2.6,15.4,.319,.484,.184,.788,.461,.370,G,youngtr01